# cycle	transformer_strain	producer_strain	violacein_e
0.0	0.05	0.05	0.0
1.0	0.05	0.050790603012	0.0
2.0	0.05	0.051603673297	0.0
3.0	0.05	0.05242975944	0.0
4.0	0.05	0.053269069803	0.0
5.0	0.05	0.054121816083	0.0
6.0	0.05	0.054988213366	0.0
7.0	0.05	0.05586848018	0.0
8.0	0.05	0.056762838554	0.0
9.0	0.05	0.057671514068	0.0
10.0	0.05	0.058594735916	0.0
11.0	0.05	0.05953273696	0.0
12.0	0.05	0.060485753789	0.0
13.0	0.05	0.06145402678	0.0
14.0	0.05	0.062437800157	0.0
15.0	0.05	0.063437322056	0.0
16.0	0.05	0.064452844583	0.0
17.0	0.05	0.065484623881	0.0
18.0	0.05	0.066532920193	0.0
19.0	0.05	0.067597997927	0.0
20.0	0.05	0.068680125726	0.0
21.0	0.05	0.069779576532	0.0
22.0	0.05	0.070896627656	0.0
23.0	0.05	0.072031560849	0.0
24.0	0.05	0.073184662373	0.0
25.0	0.05	0.074356223071	0.0
26.0	0.05	0.075546538442	0.0
27.0	0.05	0.076755908717	0.0
28.0	0.05	0.077984638933	0.0
29.0	0.05	0.079233039008	0.0
30.0	0.05	0.080501423823	0.0
31.0	0.05	0.0817901133	0.0
32.0	0.05	0.083099432481	0.0
33.0	0.05	0.084429711612	0.0
34.0	0.05	0.085781286227	0.0
35.0	0.05	0.087154497228	0.0
36.0	0.05	0.088549690979	0.0
37.0	0.05	0.089967219384	0.0
38.0	0.05	0.091407439984	0.0
39.0	0.05	0.09287071604	0.0
40.0	0.05	0.094357416632	0.0
41.0	0.05	0.095867916746	0.0
42.0	0.05	0.097402597372	0.0
43.0	0.05	0.098961845597	0.0
44.0	0.05	0.10054605471	0.0
45.0	0.05	0.10215562428	0.0
46.0	0.05	0.1037909603	0.0
47.0	0.05	0.10545247524	0.0
48.0	0.05	0.10714058818	0.0
49.0	0.05	0.10885572491	0.0
50.0	0.05	0.11059831803	0.0
51.0	0.05	0.11236880707	0.0
52.0	0.05	0.11416763859	0.0
53.0	0.05	0.11599526632	0.0
54.0	0.05	0.11785215123	0.0
55.0	0.05	0.11973876168	0.0
56.0	0.05	0.12165557352	0.0
57.0	0.05	0.12360307022	0.0
58.0	0.05	0.12558174299	0.0
59.0	0.05	0.12759209092	0.0
60.0	0.05	0.12963462107	0.0
61.0	0.05	0.13170984861	0.0
62.0	0.05	0.13381829698	0.0
63.0	0.05	0.13596049799	0.0
64.0	0.05	0.13813699195	0.0
65.0	0.05	0.14034832784	0.0
66.0	0.05	0.14259506342	0.0
67.0	0.05	0.14487776538	0.0
68.0	0.05	0.14719700947	0.0
69.0	0.05	0.14955338068	0.0
70.0	0.05	0.15194747334	0.0
71.0	0.05	0.15437989131	0.0
72.0	0.05	0.15685124811	0.0
73.0	0.05	0.15936216709	0.0
74.0	0.05	0.16191328157	0.0
75.0	0.05	0.164505235	0.0
76.0	0.05	0.16713868116	0.0
77.0	0.05	0.16981428426	0.0
78.0	0.05	0.17253271918	0.0
79.0	0.05	0.17529467156	0.0
80.0	0.05	0.17810083806	0.0
81.0	0.05	0.18095192646	0.0
82.0	0.05	0.18384865589	0.0
83.0	0.05	0.18679175698	0.0
84.0	0.05	0.18978197206	0.0
85.0	0.05	0.19282005535	0.0
86.0	0.05	0.19590677313	0.0
87.0	0.05	0.19904290396	0.0
88.0	0.05	0.20222923885	0.0
89.0	0.05	0.20546658149	0.0
90.0	0.05	0.20875574843	0.0
91.0	0.05	0.21209756927	0.0
92.0	0.05	0.21549288693	0.0
93.0	0.05	0.21894255778	0.0
94.0	0.05	0.22244745194	0.0
95.0	0.05	0.22600845344	0.0
96.0	0.05	0.22962646045	0.0
97.0	0.05	0.23330238553	0.0
98.0	0.05	0.23703715586	0.0
99.0	0.05	0.24083171344	0.0
100.0	0.05	0.24468701538	0.0
101.0	0.05	0.24860403407	0.0
102.0	0.05	0.2525837575	0.0
103.0	0.05	0.25662718946	0.0
104.0	0.05	0.26073534982	0.0
105.0	0.05	0.26490927478	0.0
106.0	0.05	0.26915001709	0.0
107.0	0.05	0.27345864641	0.0
108.0	0.05	0.27783624948	0.0
109.0	0.05	0.28228393045	0.0
110.0	0.05	0.28680281115	0.0
111.0	0.05	0.29139403137	0.0
112.0	0.05	0.29605874914	0.0
113.0	0.05	0.30079814102	0.0
114.0	0.05	0.30561340242	0.0
115.0	0.05	0.31050574788	0.0
116.0	0.05	0.31547641139	0.0
117.0	0.05	0.32052664668	0.0
118.0	0.05	0.32565772756	0.0
119.0	0.05	0.33087094823	0.0
120.0	0.05	0.3361676236	0.0
121.0	0.05	0.34154908965	0.0
122.0	0.05	0.34701670372	0.0
123.0	0.05	0.3525718449	0.0
124.0	0.05	0.35821591434	0.0
125.0	0.05	0.36395033564	0.0
126.0	0.05	0.36977655517	0.0
127.0	0.05	0.37569604246	0.0
128.0	0.05	0.38171029057	0.0
129.0	0.05	0.38782081646	0.0
130.0	0.05	0.39402916138	0.0
131.0	0.05	0.40033689122	0.0
132.0	0.05	0.40674559699	0.0
133.0	0.05	0.41325689512	0.0
134.0	0.05	0.41987242795	0.0
135.0	0.05	0.42659386409	0.0
136.0	0.05	0.43342289887	0.0
137.0	0.05	0.44036125477	0.0
138.0	0.05	0.44741068182	0.0
139.0	0.05	0.45457295809	0.0
140.0	0.05	0.4618498901	0.0
141.0	0.05	0.46924331328	0.0
142.0	0.05	0.47675509246	0.0
143.0	0.05	0.48438712233	0.0
144.0	0.05	0.49214132788	0.0
145.0	0.05	0.50001966493	0.0
146.0	0.05	0.50802412062	0.0
147.0	0.05	0.5161567139	0.0
148.0	0.05	0.52441949602	0.0
149.0	0.05	0.53281455109	0.0
150.0	0.05	0.54134399656	0.0
151.0	0.05	0.5500099838	0.0
152.0	0.05	0.55881469861	0.0
153.0	0.05	0.56776036177	0.0
154.0	0.05	0.57684922963	0.0
155.0	0.05	0.58608359464	0.0
156.0	0.05	0.59546578598	0.0
157.0	0.05	0.60499817007	0.0
158.0	0.05	0.61468315126	0.0
159.0	0.05	0.62452317235	0.0
160.0	0.05	0.63452071528	0.0
161.0	0.05	0.64467830169	0.0
162.0	0.05	0.6549984936	0.0
163.0	0.05	0.66548389406	0.0
164.0	0.05	0.67613714776	0.0
165.0	0.05	0.68696094174	0.0
166.0	0.05	0.69795800607	0.0
167.0	0.05	0.70913111451	0.0
168.0	0.05	0.72048308521	0.0
169.0	0.05	0.73201678146	0.0
